0101-1 0 0 32 32
0101-2 0 0 32 32
0101-3 0 0 32 32

0102-2 0 0 32 32
0102-3 0 0 32 32
0102-4 0 0 32 32

0103-1 0 0 32 32

0107-4 0 0 32 32
0103-4 0 0 32 32
0103-5 0 0 32 32
0104-1 0 0 32 32
0104-2 0 0 32 32
0104-3 0 0 32 32
0104-4 0 0 32 32

0105-3 0 0 32 32
0105-4 0 0 32 32
0105-5 0 0 32 32
0106-1 0 0 32 32
0106-2 0 0 32 32

0106-4 0 0 32 32
0106-5 0 0 32 32
0107-1 0 0 32 32
0107-2 0 0 32 32
0107-3 0 0 32 32

0107-5 0 0 32 32
0108-1 0 0 32 32
0108-2 0 0 32 32
0108-3 0 0 32 32
0108-4 0 0 32 32
0108-5 0 0 32 32
0109-1 0 0 32 32
0109-2 0 0 32 32
0109-3 0 0 32 32
0109-4 0 0 32 32
0109-5 0 0 32 32
0110-1 0 0 32 32
0110-2 0 0 32 32
0110-3 0 0 32 32
0110-4 0 0 32 32
0110-5 0 0 32 32

0201-1 0 0 32 32
0201-3 0 0 32 32
0201-4 0 0 32 32
0201-5 0 0 32 32
0202-1 0 0 32 32
0202-2 0 0 32 32
0202-3 0 0 32 32
0202-4 0 0 32 32
0202-5 0 0 32 32
0203-1 0 0 32 32
0208-5 0 0 32 32
0203-3 0 0 32 32
0203-4 0 0 32 32
0203-5 0 0 32 32
0204-1 0 0 32 32
0204-2 0 0 32 32
0204-3 0 0 32 32
0204-4 0 0 32 32
0204-5 0 0 32 32
0205-1 0 0 32 32

0205-3 0 0 32 32
0205-4 0 0 32 32
0205-5 0 0 32 32
0206-2 0 0 32 32
0206-1 0 0 32 32
0206-3 0 0 32 32
0206-4 0 0 32 32
0206-5 0 0 32 32
0207-1 0 0 32 32
0207-2 0 0 32 32
0207-3 0 0 32 32
0207-4 0 0 32 32
0207-5 0 0 32 32
0208-1 0 0 32 32
0208-2 0 0 32 32
0208-3 0 0 32 32
0208-4 0 0 32 32
0209-3 0 0 32 32

0210-3 0 0 32 32

0210-5 0 0 32 32
0301-1 0 0 32 32
0301-2 0 0 32 32
0301-3 0 0 32 32
0301-4 0 0 32 32
0301-5 0 0 32 32
0302-1 0 0 32 32
0302-3 0 0 32 32
0302-4 0 0 32 32
0302-5 0 0 32 32
0303-1 0 0 32 32
0303-2 0 0 32 32
0303-3 0 0 32 32

0304-2 0 0 32 32
0304-3 0 0 32 32
0304-4 0 0 32 32
0304-5 0 0 32 32
0305-1 0 0 32 32
0305-2 0 0 32 32
0305-3 0 0 32 32
0305-4 0 0 32 32
0306-2 0 0 32 32
0306-3 0 0 32 32
0306-4 0 0 32 32
0306-5 0 0 32 32
0307-1 0 0 32 32
0307-2 0 0 32 32
0307-3 0 0 32 32
0307-4 0 0 32 32
0307-5 0 0 32 32
0308-2 0 0 32 32
0308-3 0 0 32 32
0308-4 0 0 32 32
0308-5 0 0 32 32
0309-1 0 0 32 32
0309-2 0 0 32 32
0309-3 0 0 32 32
0309-4 0 0 32 32
0309-5 0 0 32 32
0310-1 0 0 32 32
0310-2 0 0 32 32
0310-3 0 0 32 32
0310-4 0 0 32 32
0310-5 0 0 32 32
0401-1 0 0 32 32
0401-2 0 0 32 32
0401-3 0 0 32 32
0401-4 0 0 32 32
0401-5 0 0 32 32
0402-1 0 0 32 32
0402-2 0 0 32 32
0402-3 0 0 32 32
0402-4 0 0 32 32
0405-3 0 0 32 32
0403-1 0 0 32 32
0403-2 0 0 32 32
0403-3 0 0 32 32
0403-4 0 0 32 32
0403-5 0 0 32 32
0404-1 0 0 32 32
0404-2 0 0 32 32
0404-3 0 0 32 32
0404-4 0 0 32 32
0404-5 0 0 32 32
0405-1 0 0 32 32
0405-4 0 0 32 32
0405-5 0 0 32 32
0405-2 0 0 32 32
0406-2 0 0 32 32
0406-3 0 0 32 32
0406-4 0 0 32 32
0406-5 0 0 32 32
0407-1 0 0 32 32
0407-2 0 0 32 32
0407-3 0 0 32 32
0407-4 0 0 32 32

0408-4 0 0 32 32
0408-5 0 0 32 32
0409-1 0 0 32 32
0409-4 0 0 32 32
0410-5 0 0 32 32
0410-1 0 0 32 32
0410-2 0 0 32 32
0410-3 0 0 32 32
0501-3 0 0 32 32
0501-4 0 0 32 32
0501-5 0 0 32 32
0502-1 0 0 32 32
0502-2 0 0 32 32
0502-4 0 0 32 32
0502-5 0 0 32 32
0503-1 0 0 32 32
0503-2 0 0 32 32
0503-3 0 0 32 32
0503-4 0 0 32 32
0503-5 0 0 32 32
0504-1 0 0 32 32
0504-2 0 0 32 32
0504-3 0 0 32 32
0504-4 0 0 32 32
0505-4 0 0 32 32
0505-5 0 0 32 32
0506-1 0 0 32 32
0505-2 0 0 32 32
0507-1 0 0 32 32
0507-2 0 0 32 32
0507-3 0 0 32 32
0507-4 0 0 32 32
0507-5 0 0 32 32
0508-1 0 0 32 32
0508-3 0 0 32 32
0506-5 0 0 32 32
0501-2 0 0 32 32
0505-1 0 0 32 32


0510-3 0 0 32 32



0501-1 0 0 32 32
0508-4 0 0 32 32
0508-5 0 0 32 32
0509-1 0 0 32 32
0509-2 0 0 32 32

0509-4 0 0 32 32
0509-5 0 0 32 32
0510-1 0 0 32 32
0510-2 0 0 32 32
0510-4 0 0 32 32
0510-5 0 0 32 32
0506-3 0 0 32 32
0508-2 0 0 32 32
0305-5 0 0 32 32
0303-5 0 0 32 32
0304-1 0 0 32 32
0209-4 0 0 32 32
0209-5 0 0 32 32
0210-1 0 0 32 32
0210-2 0 0 32 32
0101-5 0 0 32 32
0102-1 0 0 32 32
0104-5 0 0 32 32
0105-1 0 0 32 32
0105-2 0 0 32 32
0407-5 0 0 32 32
0408-1 0 0 32 32
0408-3 0 0 32 32